"""","総人口_人","総人口_男_人","総人口_女_人","対前年増減率_％","対前年増減数_人","対前年増減数_自然動態","対前年増減数_社会動態","対前年増減数_補正値"
"昭和55","1087012.0","523467.0","563545.0","-","-","-","-","-"
"昭和56","1088814.0","523747.0","565067.0","0.1657755388164988","1802.0","4362.0","-2560.0","0.0"
"昭和57","1090521.0","524170.0","566351.0","0.15677608847792185","1707.0","4402.0","-2695.0","0.0"
"昭和58","1089852.0","523129.0","566723.0","-0.0613468241326852","-669.0","4215.0","-4884.0","0.0"
"昭和59","1088248.0","521753.0","566495.0","-0.14717594682580754","-1604.0","4066.0","-5670.0","0.0"
"昭和60","1087206.0","520172.0","567034.0","-0.09575023340268027","-1042.0","3481.0","-4523.0","187.0"
"昭和61","1083389.0","517814.0","565575.0","-0.35108341933359455","-3817.0","2698.0","-6515.0","-1253.0"
"昭和62","1079386.0","515081.0","564305.0","-0.36948870627263153","-4003.0","2626.0","-6629.0","-1257.0"
"昭和63","1076093.0","512895.0","563198.0","-0.3050808515211426","-3293.0","2022.0","-5315.0","-1252.0"
"平成元","1074245.0","511290.0","562955.0","-0.1717323688565951","-1848.0","1340.0","-3188.0","-1257.0"
"平成2年","1074325.0","510777.0","563548.0","0.00744709074745519","80.0","1003.0","-923.0","-1253.0"
"平成3年","1074413.0","510558.0","563855.0","0.00819118981686175","88.0","870.0","-782.0","-393.0"
"平成4年","1075024.0","510748.0","564276.0","0.056868262018423085","611.0","391.0","220.0","-394.0"
"平成5年","1075908.0","511021.0","564887.0","0.08223072229085118","884.0","103.0","781.0","-389.0"
"平成6年","1078756.0","512726.0","566030.0","0.26470664778029346","2848.0","511.0","2337.0","-392.0"
"平成7年","1080435.0","513450.0","566985.0","0.15564223976506272","1679.0","-114.0","1793.0","-391.0"
"平成8年","1079924.0","512929.0","566995.0","-0.047295765131636795","-511.0","408.0","-919.0","-395.0"
"平成9年","1078184.0","511694.0","566490.0","-0.16112244935754738","-1740.0","124.0","-1864.0","-394.0"
"平成10年","1075807.0","510118.0","565689.0","-0.22046329754476043","-2377.0","-22.0","-2355.0","-395.0"
"平成11年","1073232.0","508752.0","564480.0","-0.2393552003286835","-2575.0","-688.0","-1887.0","-394.0"
"平成12年","1069912.0","506882.0","563030.0","-0.3093459755206703","-3320.0","-548.0","-2772.0","-395.0"
"平成13年","1064845.0","503825.0","561020.0","-0.47359035135599936","-5067.0","-856.0","-4211.0","-1452.0"
"平成14年","1058742.0","500575.0","558167.0","-0.5731350572148998","-6103.0","-1192.0","-4911.0","-1452.0"
"平成15年","1051693.0","496688.0","555005.0","-0.6657901547308032","-7049.0","-1705.0","-5344.0","-1453.0"
"平成16年","1044657.0","492789.0","551868.0","-0.6690165285877152","-7036.0","-2216.0","-4820.0","-1452.0"
"平成17年","1035969.0","488022.0","547947.0","-0.8316605354676223","-8688.0","-3362.0","-5326.0","-1453.0"
"平成18年","1029029.0","484681.0","544348.0","-0.6699042152805731","-6940.0","-3244.0","-3696.0","605.0"
"平成19年","1021575.0","480835.0","540740.0","-0.7243721994229512","-7454.0","-3323.0","-4131.0","606.0"
"平成20年","1014213.0","477177.0","537036.0","-0.7206519345128846","-7362.0","-3699.0","-3663.0","605.0"
"平成21年","1008132.0","474202.0","533930.0","-0.5995781951128609","-6081.0","-4058.0","-2023.0","606.0"
"平成22年","1002198.0","471397.0","530801.0","-0.5886133958648272","-5934.0","-4276.0","-1658.0","606.0"
"平成23年","995196.0","467898.0","527298.0","-0.6986643357899337","-7002.0","-5082.0","-1920.0","338.0"
"平成24年","988160.0","465773.0","522387.0","-0.7069964107572779","-7036.0","-4769.0","-2267.0","339.0"
"平成25年","980370.0","461177.0","519193.0","-0.7883338730569949","-7790.0","-5624.0","-2166.0","339.0"
"平成26年","972258.0","457398.0","514860.0","-0.8274427002050246","-8112.0","-5551.0","-2561.0","339.0"
"平成27年","963579.0","453216.0","510363.0","-0.8926642928111674","-8679.0","-5631.0","-3048.0","339.0"
